202 389
151 494
284 325
169 43
45 286
80 154
309 42
180 28
494 442
474 469
318 172
243 295
401 273
480 263
437 241
199 352
462 8
314 45
144 269
48 133
378 184
334 475
375 437
487 65
27 251
2 443
51 223
271 442
271 114
197 4
132 363
202 332
439 178
238 253
37 207
247 428
263 356
217 382
492 246
184 479
340 68
302 56
7 96
26 122
319 395
48 420
321 176
14 227
264 422
487 467
186 157
11 74
126 223
305 211
418 460
282 474
449 68
282 82
65 196
374 241
298 176
396 166
29 455
102 190
17 194
480 421
291 220
59 193
184 143
232 284
267 481
473 122
150 209
8 71
84 289
332 386
232 74
397 401
308 55
273 107
41 430
373 408
342 353
437 383
9 390
18 357
360 320
265 453
30 261
295 335
243 7
69 28
78 489
188 89
14 126
113 433
444 111
164 152
293 188
479 191
88 184
417 333
238 403
55 97
287 462
135 273
350 30
152 343
13 18
215 191
368 52
492 204
63 81
260 135
330 125
147 336
154 51
43 497
95 207
370 224
133 50
212 269
387 164
280 387
107 308
469 496
70 367
372 466
116 353
252 133
0 463
483 405
20 235
25 10
371 4
51 28
14 425
251 
409 116
43 228
345 439
142 394
440 118
385 56
447 119
61 215
75 96
480 90
248 288
450 426
139 5
148 182
261 216
174 165
337 262
467 433
50 423
377 306
400 189
146 408
225 419
315 348
335 423
29 303
466 468
294 398
248 4
392 330
348 29
494 83
259 53
454 437
429 455
39 45
37 228
8 420
150 238
187 416
184 423
252 92
438 45
489 232
383 415
295 432
121 38
191 314
57 45
405 487
273 431
16 458
131 239
329 361
3 48
325 130
3 101
60 260
349 138
397 480
300 88
64 391
466 7
345 77
180 177
437 440
155 83
354 231
75 302
20 439
423 374
63 73
85 243
348 97
285 334
39 343
54 37
273 469
333 44
300 441
315 445
367 420
255 202
386 302
59 402
81 434
473 350
402 84
420 392
284 130
379 353
385 442
467 103
118 287
279 136
200 356
103 257
132 228
135 309
479 47
128 485
391 139
487 296
408 4
161 135
180 248
45 292
360 494
77 470
65 280
425 330
64 162
166 210
416 246
247 28
126 5
350 6
21 377
441 60
282 5
26 437
181 456
50 199
334 141
351 303
126 328
57 300
157 309
190 37
216 98
381 426
144 386
364 210
290 321
97 379
341 267
374 264
